           0  0.523599029       0.00000000       0.00000000    
           1  0.523353875      -4.90228608E-02   9.99999978E-03
           2  0.522618592      -9.80040729E-02   1.99999996E-02
           3  0.521393776     -0.146901995       2.99999993E-02
           4  0.519680500     -0.195674971       3.99999991E-02
           5  0.517480254     -0.244281366       4.99999970E-02
           6  0.514794886     -0.292679548       5.99999987E-02
           7  0.511626661     -0.340827852       7.00000003E-02
           8  0.507978320     -0.388684690       7.99999982E-02
           9  0.503852963     -0.436208457       8.99999961E-02
          10  0.499254137     -0.483357549       9.99999940E-02
          11  0.494185805     -0.530090451      0.109999999    
          12  0.488652319     -0.576365650      0.119999997    
          13  0.482658476     -0.622141719      0.129999995    
          14  0.476209491     -0.667377293      0.140000001    
          15  0.469310939     -0.712031186      0.149999991    
          16  0.461968869     -0.756062269      0.159999996    
          17  0.454189688     -0.799429536      0.170000002    
          18  0.445980281     -0.842092216      0.179999992    
          19  0.437347859     -0.884009778      0.189999998    
          20  0.428300083     -0.925141990      0.199999988    
          21  0.418845028     -0.965448856      0.209999993    
          22  0.408991128      -1.00489068      0.219999999    
          23  0.398747236      -1.04342830      0.229999989    
          24  0.388122588      -1.08102286      0.239999995    
          25  0.377126783      -1.11763608      0.250000000    
          26  0.365769863      -1.15323019      0.259999990    
          27  0.354062200      -1.18776810      0.269999981    
          28  0.342014521      -1.22121346      0.280000001    
          29  0.329637945      -1.25353062      0.289999992    
          30  0.316943914      -1.28468466      0.299999982    
          31  0.303944260      -1.31464159      0.310000002    
          32  0.290651083      -1.34336841      0.319999993    
          33  0.277076870      -1.37083304      0.329999983    
          34  0.263234407      -1.39700460      0.340000004    
          35  0.249136776      -1.42185330      0.349999994    
          36  0.234797344      -1.44535065      0.359999985    
          37  0.220229760      -1.46746957      0.370000005    
          38  0.205447942      -1.48818421      0.379999995    
          39  0.190466076      -1.50747013      0.389999986    
          40  0.175298542      -1.52530444      0.399999976    
          41  0.159959987      -1.54166591      0.409999996    
          42  0.144465223      -1.55653489      0.419999987    
          43  0.128829286      -1.56989336      0.429999977    
          44  0.113067359      -1.58172512      0.439999998    
          45   9.71947834E-02  -1.59201562      0.449999988    
          46   8.12270492E-02  -1.60075235      0.459999979    
          47   6.51797429E-02  -1.60792458      0.469999999    
          48   4.90685627E-02  -1.61352336      0.479999989    
          49   3.29092816E-02  -1.61754179      0.489999980    
          50   1.67177301E-02  -1.61997485      0.500000000    
          51   5.09785488E-04  -1.62081957      0.509999990    
          52  -1.56986602E-02  -1.62007487      0.519999981    
          53  -3.18917111E-02  -1.61774170      0.529999971    
          54  -4.80534956E-02  -1.61382294      0.539999962    
          55  -6.41681701E-02  -1.60832334      0.550000012    
          56  -8.02199617E-02  -1.60124981      0.560000002    
          57  -9.61931646E-02  -1.59261119      0.569999993    
          58 -0.112072185      -1.58241808      0.579999983    
          59 -0.127841532      -1.57068288      0.589999974    
          60 -0.143485844      -1.55742002      0.599999964    
          61 -0.158989936      -1.54264557      0.610000014    
          62 -0.174338758      -1.52637744      0.620000005    
          63 -0.189517483      -1.50863516      0.629999995    
          64 -0.204511464      -1.48943985      0.639999986    
          65 -0.219306275      -1.46881437      0.649999976    
          66 -0.233887747      -1.44678307      0.659999967    
          67 -0.248241931      -1.42337155      0.669999957    
          68 -0.262355179      -1.39860702      0.680000007    
          69 -0.276214063      -1.37251794      0.689999998    
          70 -0.289805532      -1.34513390      0.699999988    
          71 -0.303116739      -1.31648564      0.709999979    
          72 -0.316135228      -1.28660512      0.719999969    
          73 -0.328848839      -1.25552535      0.729999959    
          74 -0.341245741      -1.22328031      0.740000010    
          75 -0.353314459      -1.18990481      0.750000000    
          76 -0.365043849      -1.15543449      0.759999990    
          77 -0.376423150      -1.11990571      0.769999981    
          78 -0.387441963      -1.08335543      0.779999971    
          79 -0.398090243      -1.04582143      0.789999962    
          80 -0.408358365      -1.00734198      0.799999952    
          81 -0.418237060     -0.967955828      0.810000002    
          82 -0.427717477     -0.927702188      0.819999993    
          83 -0.436791122     -0.886620700      0.829999983    
          84 -0.445449889     -0.844751358      0.839999974    
          85 -0.453686148     -0.802134335      0.849999964    
          86 -0.461492598     -0.758810163      0.859999955    
          87 -0.468862355     -0.714819670      0.870000005    
          88 -0.475788981     -0.670203745      0.879999995    
          89 -0.482266426     -0.625003517      0.889999986    
          90 -0.488289058     -0.579260230      0.899999976    
          91 -0.493851632     -0.533015192      0.909999967    
          92 -0.498949349     -0.486309856      0.919999957    
          93 -0.503577828     -0.439185679      0.930000007    
          94 -0.507733047     -0.391684234      0.939999998    
          95 -0.511411488     -0.343847096      0.949999988    
          96 -0.514609993     -0.295715839      0.959999979    
          97 -0.517325819     -0.247332126      0.969999969    
          98 -0.519556642     -0.198737592      0.979999959    
          99 -0.521300554     -0.149973854      0.989999950    
         100 -0.522556126     -0.101082556       1.00000000    
         101 -0.523322225      -5.21053448E-02   1.00999999    
         102 -0.523598254      -3.08386236E-03   1.01999998    
         103 -0.523383915       4.59402427E-02   1.02999997    
         104 -0.522679448       9.49253216E-02   1.03999996    
         105 -0.521485448      0.143829733       1.04999995    
         106 -0.519802868      0.192611828       1.05999994    
         107 -0.517633200      0.241229966       1.06999993    
         108 -0.514978290      0.289642483       1.07999992    
         109 -0.511840343      0.337807775       1.09000003    
         110 -0.508222103      0.385684192       1.10000002    
         111 -0.504126668      0.433230162       1.11000001    
         112 -0.499557525      0.480404079       1.12000000    
         113 -0.494518608      0.527164400       1.13000000    
         114 -0.489014238      0.573469639       1.13999999    
         115 -0.483049214      0.619278371       1.14999998    
         116 -0.476628691      0.664549232       1.15999997    
         117 -0.469758242      0.709240973       1.16999996    
         118 -0.462443888      0.753312409       1.17999995    
         119 -0.454692006      0.796722591       1.18999994    
         120 -0.446509421      0.839430809       1.19999993    
         121 -0.437903374      0.881396472       1.20999992    
         122 -0.428881496      0.922579288       1.22000003    
         123 -0.419451803      0.962939262       1.23000002    
         124 -0.409622729       1.00243664       1.24000001    
         125 -0.399403095       1.04103231       1.25000000    
         126 -0.388802111       1.07868743       1.25999999    
         127 -0.377829373       1.11536360       1.26999998    
         128 -0.366494864       1.15102303       1.27999997    
         129 -0.354808927       1.18562853       1.28999996    
         130 -0.342782289       1.21914375       1.29999995    
         131 -0.330426037       1.25153291       1.30999994    
         132 -0.317751616       1.28276110       1.31999993    
         133 -0.304770797       1.31279433       1.32999992    
         134 -0.291495711       1.34159935       1.33999991    
         135 -0.277938813       1.36914420       1.35000002    
         136 -0.264112830       1.39539790       1.36000001    
         137 -0.250030845       1.42033064       1.37000000    
         138 -0.235706210       1.44391394       1.38000000    
         139 -0.221152559       1.46612036       1.38999999    
         140 -0.206383795       1.48692405       1.39999998    
         141 -0.191414073       1.50630057       1.40999997    
         142 -0.176257789       1.52422690       1.41999996    
         143 -0.160929546       1.54068160       1.42999995    
         144 -0.145444155       1.55564499       1.43999994    
         145 -0.129816636       1.56909895       1.44999993    
         146 -0.114062175       1.58102703       1.45999992    
         147  -9.81960967E-02   1.59141481       1.46999991    
         148  -8.22338760E-02   1.60024953       1.48000002    
         149  -6.61911070E-02   1.60752034       1.49000001    
         150  -5.00834733E-02   1.61321831       1.50000000    
         151  -3.39267403E-02   1.61733627       1.50999999    
         152  -1.77367460E-02   1.61986911       1.51999998    
         153  -1.52935833E-03   1.62081373       1.52999997    
         154   1.46795288E-02   1.62016892       1.53999996    
         155   3.08740195E-02   1.61793554       1.54999995    
         156   4.70382385E-02   1.61411631       1.55999994    
         157   6.31563440E-02   1.60871601       1.56999993    
         158   7.92125612E-02   1.60174131       1.57999992    
         159   9.51911733E-02   1.59320080       1.58999991    
         160  0.111076578       1.58310509       1.59999990    
         161  0.126853272       1.57146645       1.61000001    
         162  0.142505899       1.55829918       1.62000000    
         163  0.158019245       1.54361939       1.63000000    
         164  0.173378274       1.52744472       1.63999999    
         165  0.188568130       1.50979459       1.64999998    
         166  0.203574166       1.49069011       1.65999997    
         167  0.218381941       1.47015393       1.66999996    
         168  0.232977256       1.44821024       1.67999995    
         169  0.247346148       1.42488480       1.68999994    
         170  0.261474937       1.40020454       1.69999993    
         171  0.275350213       1.37419772       1.70999992    
         172  0.288958877       1.34689403       1.71999991    
         173  0.302288085       1.31832433       1.73000002    
         174  0.315325350       1.28852046       1.74000001    
         175  0.328058481       1.25751519       1.75000000    
         176  0.340475649       1.22534239       1.75999999    
         177  0.352565318       1.19203687       1.76999998    
         178  0.364316374       1.15763426       1.77999997    
         179  0.375717998       1.12217093       1.78999996    
         180  0.386759788       1.08568382       1.79999995    
         181  0.397431672       1.04821062       1.80999994    
         182  0.407723993       1.00978959       1.81999993    
         183  0.417627454      0.970459282       1.82999992    
         184  0.427133173      0.930259049       1.83999991    
         185  0.436232626      0.889228463       1.84999990    
         186  0.444917738      0.847407460       1.86000001    
         187  0.453180790      0.804836273       1.87000000    
         188  0.461014479      0.761555374       1.88000000    
         189  0.468411893      0.717605531       1.88999999    
         190  0.475366592      0.673027694       1.89999998    
         191  0.481872469      0.627862990       1.90999997    
         192  0.487923861      0.582152605       1.91999996    
         193  0.493515521      0.535937846       1.92999995    
         194  0.498642623      0.489260197       1.93999994    
         195  0.503300726      0.442161143       1.94999993    
         196  0.507485867      0.394682199       1.95999992    
         197  0.511194408      0.346864939       1.96999991    
         198  0.514423192      0.298750967       1.97999990    
         199  0.517169416      0.250381887       1.99000001    
         200  0.519430816      0.201799363       2.00000000    
         201  0.521205425      0.153045014       2.00999999    
         202  0.522491753      0.104160488       2.01999998    
         203  0.523288667       5.51874340E-02   2.02999997    
         204  0.523595512       6.16749190E-03   2.03999996    
         205  0.523412049      -4.28576916E-02   2.04999995    
         206  0.522738397      -9.18464661E-02   2.05999994    
         207  0.521575153     -0.140757188       2.06999993    
         208  0.519923270     -0.189548224       2.07999992    
         209  0.517784178     -0.238177910       2.08999991    
         210  0.515159726     -0.286604613       2.09999990    
         211  0.512052119     -0.334786713       2.10999990    
         212  0.508463979     -0.382682562       2.11999989    
         213  0.504398465     -0.430250555       2.12999988    
         214  0.499859005     -0.477449119       2.13999987    
         215  0.494849503     -0.524236679       2.14999986    
         216  0.489374280     -0.570571780       2.15999985    
         217  0.483438075     -0.616412938       2.16999984    
         218  0.477046013     -0.661718845       2.18000007    
         219  0.470203698     -0.706448197       2.19000006    
         220  0.462917060     -0.750559866       2.20000005    
         221  0.455192506     -0.794012904       2.21000004    
         222  0.447036803     -0.836766481       2.22000003    
         223  0.438457161     -0.878780067       2.23000002    
         224  0.429461181     -0.920013309       2.24000001    
         225  0.420056880     -0.960426152       2.25000000    
         226  0.410252661     -0.999978960       2.25999999    
         227  0.400057316      -1.03863251       2.26999998    
         228  0.389480025      -1.07634795       2.27999997    
         229  0.378530353      -1.11308682       2.28999996    
         230  0.367218286      -1.14881134       2.29999995    
         231  0.355554134      -1.18348432       2.30999994    
         232  0.343548596      -1.21706915       2.31999993    
         233  0.331212759      -1.24953008       2.32999992    
         234  0.318558007      -1.28083229       2.33999991    
         235  0.305596113      -1.31094170       2.34999990    
         236  0.292339176      -1.33982503       2.35999990    
         237  0.278799623      -1.36745012       2.36999989    
         238  0.264990181      -1.39378595       2.37999988    
         239  0.250923902      -1.41880274       2.38999987    
         240  0.236614123      -1.44247174       2.39999986    
         241  0.222074464      -1.46476555       2.40999985    
         242  0.207318813      -1.48565817       2.41999984    
         243  0.192361295      -1.50512505       2.42999983    
         244  0.177216306      -1.52314317       2.44000006    
         245  0.161898434      -1.53969109       2.45000005    
         246  0.146422490      -1.55474889       2.46000004    
         247  0.130803466      -1.56829834       2.47000003    
         248  0.115056530      -1.58032298       2.48000002    
         249   9.91970077E-02  -1.59080815       2.49000001    
         250   8.32403675E-02  -1.59974098       2.50000000    
         251   6.72021881E-02  -1.60711050       2.50999999    
         252   5.10981567E-02  -1.61290765       2.51999998    
         253   3.49440351E-02  -1.61712515       2.52999997    
         254   1.87556539E-02  -1.61975777       2.53999996    
         255   2.54888088E-03  -1.62080228       2.54999995    
         256  -1.36603918E-02  -1.62025738       2.55999994    
         257  -2.98562665E-02  -1.61812377       2.56999993    
         258  -4.60228659E-02  -1.61440420       2.57999992    
         259  -6.21443503E-02  -1.60910320       2.58999991    
         260  -7.82049298E-02  -1.60222721       2.59999990    
         261  -9.41888914E-02  -1.59378481       2.60999990    
         262 -0.110080622      -1.58378649       2.61999989    
         263 -0.125864625      -1.57224452       2.62999988    
         264 -0.141525522      -1.55917299       2.63999987    
         265 -0.157048091      -1.54458773       2.64999986    
         266 -0.172417283      -1.52850640       2.65999985    
         267 -0.187618226      -1.51094842       2.66999984    
         268 -0.202636257      -1.49193478       2.67999983    
         269 -0.217456922      -1.47148800       2.69000006    
         270 -0.232066020      -1.44963217       2.70000005    
         271 -0.246449575      -1.42639279       2.71000004    
         272 -0.260593891      -1.40179682       2.72000003    
         273 -0.274485528      -1.37587261       2.73000002    
         274 -0.288111359      -1.34864974       2.74000001    
         275 -0.301458538      -1.32015872       2.75000000    
         276 -0.314514548      -1.29043138       2.75999999    
         277 -0.327267170      -1.25950062       2.76999998    
         278 -0.339704543      -1.22740018       2.77999997    
         279 -0.351815164      -1.19416487       2.78999996    
         280 -0.363587856      -1.15983021       2.79999995    
         281 -0.375011772      -1.12443244       2.80999994    
         282 -0.386076510      -1.08800852       2.81999993    
         283 -0.396771967      -1.05059612       2.82999992    
         284 -0.407088429      -1.01223350       2.83999991    
         285 -0.417016625     -0.972959280       2.84999990    
         286 -0.426547617     -0.932812572       2.85999990    
         287 -0.435672879     -0.891832948       2.86999989    
         288 -0.444384277     -0.850060403       2.87999988    
         289 -0.452674091     -0.807535172       2.88999987    
         290 -0.460534990     -0.764297724       2.89999986    
         291 -0.467960060     -0.720388770       2.90999985    
         292 -0.474942774     -0.675849199       2.91999984    
         293 -0.481477052     -0.630720139       2.92999983    
         294 -0.487557173     -0.585042834       2.93999982    
         295 -0.493177891     -0.538858593       2.95000005    
         296 -0.498334348     -0.492208809       2.96000004    
         297 -0.503022075     -0.445134997       2.97000003    
         298 -0.507237077     -0.397678703       2.98000002    
         299 -0.510975659     -0.349881470       2.99000001    
         300 -0.514234662     -0.301784903       3.00000000    
         301 -0.517011344     -0.253430605       3.00999999    
         302 -0.519303262     -0.204860240       3.01999998    
         303 -0.521108508     -0.156115443       3.02999997    
         304 -0.522425532     -0.107237853       3.03999996    
         305 -0.523253262      -5.82691096E-02   3.04999995    
         306 -0.523590922      -9.25086439E-03   3.05999994    
         307 -0.523438275       3.97752374E-02   3.06999993    
         308 -0.522795439       8.87675509E-02   3.07999992    
         309 -0.521662951      0.137684435       3.08999991    
         310 -0.520041764      0.186484233       3.09999990    
         311 -0.517933249      0.235125303       3.10999990    
         312 -0.515339255      0.283566028       3.11999989    
         313 -0.512261927      0.331764758       3.12999988    
         314 -0.508703947      0.379679859       3.13999987    
         315 -0.504668355      0.427269727       3.14999986    
         316 -0.500158548      0.474492788       3.15999985    
         317 -0.495178461      0.521307468       3.16999984    
         318 -0.489732385      0.567672253       3.17999983    
         319 -0.483825028      0.613545716       3.18999982    
         320 -0.477461487      0.658886492       3.19999981    
         321 -0.470647305      0.703653336       3.21000004    
         322 -0.463388413      0.747805119       3.22000003    
         323 -0.455691189      0.791300833       3.23000002    
         324 -0.447562397      0.834099650       3.24000001    
         325 -0.439009190      0.876160979       3.25000000    
         326 -0.430039167      0.917444468       3.25999999    
         327 -0.420660287      0.957910061       3.26999998    
         328 -0.410880953      0.997518122       3.27999997    
         329 -0.400709927       1.03622937       3.28999996    
         330 -0.390156358       1.07400489       3.29999995    
         331 -0.379229814       1.11080623       3.30999994    
         332 -0.367940217       1.14659560       3.31999993    
         333 -0.356297880       1.18133581       3.32999992    
         334 -0.344313502       1.21499026       3.33999991    
         335 -0.331998080       1.24752307       3.34999990    
         336 -0.319363028       1.27889919       3.35999990    
         337 -0.306420088       1.30908453       3.36999989    
         338 -0.293181330       1.33804584       3.37999988    
         339 -0.279659152       1.36575091       3.38999987    
         340 -0.265866309       1.39216876       3.39999986    
         341 -0.251815796       1.41726935       3.40999985    
         342 -0.237520933       1.44102383       3.41999984    
         343 -0.222995326       1.46340477       3.42999983    
         344 -0.208252847       1.48438621       3.43999982    
         345 -0.193307608       1.50394344       3.44999981    
         346 -0.178173974       1.52205324       3.46000004    
         347 -0.162866533       1.53869426       3.47000003    
         348 -0.147400081       1.55384624       3.48000002    
         349 -0.131789610       1.56749094       3.49000001    
         350 -0.116050266       1.57961190       3.50000000    
         351 -0.100197375       1.59019423       3.50999999    
         352  -8.42463821E-02   1.59922493       3.51999998    
         353  -6.82128742E-02   1.60669303       3.52999997    
         354  -5.21125235E-02   1.61258924       3.53999996    
         355  -3.59610915E-02   1.61690617       3.54999995    
         356  -1.97744016E-02   1.61963856       3.55999994    
         357  -3.56832147E-03   1.62078309       3.56999993    
         358   1.26412585E-02   1.62033832       3.57999992    
         359   2.88384445E-02   1.61830473       3.58999991    
         360   4.50073555E-02   1.61468482       3.59999990    
         361   6.11321405E-02   1.60948312       3.60999990    
         362   7.71970153E-02   1.60270607       3.61999989    
         363   9.31862593E-02   1.59436202       3.62999988    
         364  0.109084249       1.58446121       3.63999987    
         365  0.124875478       1.57301593       3.64999986    
         366  0.140544564       1.56004012       3.65999985    
         367  0.156076282       1.54554951       3.66999984    
         368  0.171455562       1.52956176       3.67999983    
         369  0.186667517       1.51209605       3.68999982    
         370  0.201697484       1.49317324       3.69999981    
         371  0.216530979       1.47281587       3.70999980    
         372  0.231153786       1.45104790       3.72000003    
         373  0.245551929       1.42789471       3.73000002    
         374  0.259711683       1.40338326       3.74000001    
         375  0.273619592       1.37754178       3.75000000    
         376  0.287262499       1.35039961       3.75999999    
         377  0.300627559       1.32198739       3.76999998    
         378  0.313702226       1.29233694       3.77999997    
         379  0.326474279       1.26148093       3.78999996    
         380  0.338931829       1.22945309       3.79999995    
         381  0.351063341       1.19628811       3.80999994    
         382  0.362857610       1.16202152       3.81999993    
         383  0.374303788       1.12668955       3.82999992    
         384  0.385391414       1.09032917       3.83999991    
         385  0.396110386       1.05297792       3.84999990    
         386  0.406450987       1.01467395       3.85999990    
         387  0.416403860      0.975455880       3.86999989    
         388  0.425960094      0.935362875       3.87999988    
         389  0.435111105      0.894434452       3.88999987    
         390  0.443848759      0.852710664       3.89999986    
         391  0.452165306      0.810231566       3.90999985    
         392  0.460053384      0.767037690       3.91999984    
         393  0.467506051      0.723169744       3.92999983    
         394  0.474516779      0.678668618       3.93999982    
         395  0.481079429      0.633575439       3.94999981    
         396  0.487188280      0.587931395       3.95999980    
         397  0.492838055      0.541777790       3.97000003    
         398  0.498023838      0.495156050       3.98000002    
         399  0.502741158      0.448107660       3.99000001    
         400  0.506985962      0.400674164       4.00000000    
         401  0.510754645      0.352897137       4.00999975    
         402  0.514043927      0.304818153       4.01999998    
         403  0.516851008      0.256478846       4.02999973    
         404  0.519173503      0.207920849       4.03999996    
         405  0.521009445      0.159185797       4.04999971    
         406  0.522357225      0.110315330       4.05999994    
         407  0.523215711       6.13510907E-02   4.06999969    
         408  0.523584247       1.23347286E-02   4.07999992    
         409  0.523462415      -3.66921127E-02   4.08999968    
         410  0.522850394      -8.56877863E-02   4.09999990    
         411  0.521748662     -0.134610653       4.11000013    
         412  0.520158172     -0.183419049       4.11999989    
         413  0.518080294     -0.232071340       4.13000011    
         414  0.515516758     -0.280525893       4.13999987    
         415  0.512469769     -0.328741074       4.15000010    
         416  0.508941948     -0.376675248       4.15999985    
         417  0.504936278     -0.424286783       4.17000008    
         418  0.500456214     -0.471534103       4.17999983    
         419  0.495505601     -0.518375695       4.19000006    
         420  0.490088701     -0.564770043       4.19999981    
         421  0.484210193     -0.610675633       4.21000004    
         422  0.477875173     -0.656051099       4.21999979    
         423  0.471089154     -0.700855255       4.23000002    
         424  0.463858068     -0.745046914       4.23999977    
         425  0.456188232     -0.788585067       4.25000000    
         426  0.448086381     -0.831428885       4.25999975    
         427  0.439559668     -0.873537779       4.26999998    
         428  0.430615634     -0.914871395       4.27999973    
         429  0.421262234     -0.955389619       4.28999996    
         430  0.411507845     -0.995052814       4.29999971    
         431  0.401361197      -1.03382158       4.30999994    
         432  0.390831411      -1.07165706       4.31999969    
         433  0.379928052      -1.10852087       4.32999992    
         434  0.368661016      -1.14437497       4.33999968    
         435  0.357040554      -1.17918217       4.34999990    
         436  0.345077366      -1.21290588       4.36000013    
         437  0.332782447      -1.24551022       4.36999989    
         438  0.320167154      -1.27696013       4.38000011    
         439  0.307243228      -1.30722141       4.38999987    
         440  0.294022709      -1.33626080       4.40000010    
         441  0.280517995      -1.36404598       4.40999985    
         442  0.266741782      -1.39054573       4.42000008    
         443  0.252707064      -1.41573000       4.42999983    
         444  0.238427162      -1.43956995       4.44000006    
         445  0.223915651      -1.46203816       4.44999981    
         446  0.209186390      -1.48310840       4.46000004    
         447  0.194253474      -1.50275600       4.46999979    
         448  0.179131269      -1.52095759       4.48000002    
         449  0.163834333      -1.53769147       4.48999977    
         450  0.148377448      -1.55293763       4.50000000    
         451  0.132775590      -1.56667769       4.50999975    
         452  0.117043898      -1.57889497       4.51999998    
         453  0.101197690      -1.58957458       4.52999973    
         454   8.52524042E-02  -1.59870338       4.53999996    
         455   6.92236200E-02  -1.60627007       4.54999971    
         456   5.31270057E-02  -1.61226535       4.55999994    
         457   3.69783156E-02  -1.61668181       4.56999969    
         458   2.07933709E-02  -1.61951399       4.57999992    
         459   4.58803587E-03  -1.62075841       4.58999968    
         460  -1.16217975E-02  -1.62041354       4.59999990    
         461  -2.78202351E-02  -1.61847973       4.61000013    
         462  -4.39913943E-02  -1.61495936       4.61999989    
         463  -6.01194240E-02  -1.60985696       4.63000011    
         464  -7.61885345E-02  -1.60317874       4.63999987    
         465  -9.21830013E-02  -1.59493291       4.65000010    
         466 -0.108087197      -1.58512974       4.65999985    
         467 -0.123885602      -1.57378125       4.67000008    
         468 -0.139562830      -1.56090128       4.67999983    
         469 -0.155103639      -1.54650545       4.69000006    
         470 -0.170492947      -1.53061128       4.69999981    
         471 -0.185715869      -1.51323795       4.71000004    
         472 -0.200757712      -1.49440622       4.71999979    
         473 -0.215603992      -1.47413838       4.73000002    
         474 -0.230240479      -1.45245838       4.73999977    
         475 -0.244653165      -1.42939162       4.75000000    
         476 -0.258828312      -1.40496480       4.75999975    
         477 -0.272752464      -1.37920606       4.76999998    
         478 -0.286412448      -1.35214484       4.77999973    
         479 -0.299795359      -1.32381165       4.78999996    
         480 -0.312888682      -1.29423809       4.79999971    
         481 -0.325680137      -1.26345694       4.80999994    
         482 -0.338157833      -1.23150182       4.81999969    
         483 -0.350310177      -1.19840729       4.82999992    
         484 -0.362125963      -1.16420889       4.83999968    
         485 -0.373594344      -1.12894285       4.84999990    
         486 -0.384704828      -1.09264600       4.85999966    
         487 -0.395447284      -1.05535591       4.86999989    
         488 -0.405811965      -1.01711071       4.88000011    
         489 -0.415789515     -0.977948964       4.88999987    
         490 -0.425370961     -0.937909842       4.90000010    
         491 -0.434547722     -0.897032857       4.90999985    
         492 -0.443311632     -0.855357885       4.92000008    
         493 -0.451654881     -0.812925100       4.92999983    
         494 -0.459570110     -0.769774973       4.94000006    
         495 -0.467050374     -0.725948215       4.94999981    
         496 -0.474089086     -0.681485713       4.96000004    
         497 -0.480680078     -0.636428535       4.96999979    
         498 -0.486817628     -0.590817928       4.98000002    
         499 -0.492496431     -0.544695199       4.98999977    
         500 -0.497711539     -0.498101711       5.00000000    
         501 -0.502458453     -0.451078951       5.00999975    
         502 -0.506733119     -0.403668463       5.01999998    
         503 -0.510531843     -0.355911821       5.02999973    
         504 -0.513851345     -0.307850599       5.03999996    
         505 -0.516688824     -0.259526432       5.04999971    
         506 -0.519041836     -0.210980952       5.05999994    
         507 -0.520908415     -0.162255794       5.06999969    
         508 -0.522286952     -0.113392606       5.07999992    
         509 -0.523176253      -6.44330308E-02   5.08999968    
         510 -0.523575604      -1.54187102E-02   5.09999990    
         511 -0.523484647       3.36087123E-02   5.10999966    
         512 -0.522903442       8.26075822E-02   5.11999989    
         513 -0.521832466      0.131536260       5.13000011    
         514 -0.520272672      0.180353090       5.13999987    
         515 -0.518225372      0.229016423       5.15000010    
         516 -0.515692353      0.277484626       5.15999985    
         517 -0.512675703      0.325716078       5.17000008    
         518 -0.509178042      0.373669147       5.17999983    
         519 -0.505202353      0.421302199       5.19000006    
         520 -0.500752032      0.468573660       5.19999981    
         521 -0.495830894      0.515442014       5.21000004    
         522 -0.490443200      0.561865687       5.21999979    
         523 -0.484593600      0.607803226       5.23000002    
         524 -0.478287160      0.653213263       5.23999977    
         525 -0.471529335      0.698054552       5.25000000    
         526 -0.464326054      0.742285967       5.25999975    
         527 -0.456683606      0.785866439       5.26999998    
         528 -0.448608726      0.828755140       5.27999973    
         529 -0.440108508      0.870911479       5.28999996    
         530 -0.431190491      0.912295043       5.29999971    
         531 -0.421862602      0.952865779       5.30999994    
         532 -0.412133187      0.992583930       5.31999969    
         533 -0.402010947       1.03141010       5.32999992    
         534 -0.391505003       1.06930542       5.33999968    
         535 -0.380624861       1.10623145       5.34999990    
         536 -0.369380385       1.14215016       5.35999966    
         537 -0.357781857       1.17702425       5.36999989    
         538 -0.345839918       1.21081710       5.38000011    
         539 -0.333565533       1.24349284       5.38999987    
         540 -0.320970058       1.27501631       5.40000010    
         541 -0.308065206       1.30535328       5.40999985    
         542 -0.294862986       1.33447039       5.42000008    
         543 -0.281375796       1.36233532       5.42999983    
         544 -0.267616302       1.38891685       5.44000006    
         545 -0.253597468       1.41418469       5.44999981    
         546 -0.239332601       1.43810999       5.46000004    
         547 -0.224835262       1.46066523       5.46999979    
         548 -0.210119292       1.48182416       5.48000002    
         549 -0.195198774       1.50156188       5.48999977    
         550 -0.180088043       1.51985502       5.50000000    
         551 -0.164801672       1.53668189       5.50999975    
         552 -0.149354413       1.55202222       5.51999998    
         553 -0.133761227       1.56585753       5.52999973    
         554 -0.118037261       1.57817113       5.53999996    
         555 -0.102197804       1.58894789       5.54999971    
         556  -8.62582996E-02   1.59817457       5.55999994    
         557  -7.02343136E-02   1.60583985       5.56999969    
         558  -5.41415066E-02   1.61193430       5.57999992    
         559  -3.79956290E-02   1.61645043       5.58999968    
         560  -2.18124986E-02   1.61938250       5.59999990    
         561  -5.60797937E-03   1.62072694       5.60999966    
         562   1.06020402E-02   1.62048209       5.61999989    
         563   2.68016625E-02   1.61864817       5.62999964    
         564   4.29750010E-02   1.61522758       5.63999987    
         565   5.91062084E-02   1.61022460       5.65000010    
         566   7.51794875E-02   1.60364532       5.65999985    
         567   9.11791101E-02   1.59549785       5.67000008    
         568  0.107089445       1.58579230       5.67999983    
         569  0.122894958       1.57454062       5.69000006    
         570  0.138580263       1.56175649       5.69999981    
         571  0.154130101       1.54745555       5.71000004    
         572  0.169529378       1.53165519       5.71999979    
         573  0.184763208       1.51437438       5.73000002    
         574  0.199816868       1.49563372       5.73999977    
         575  0.214675874       1.47545552       5.75000000    
         576  0.229325980       1.45386362       5.75999975    
         577  0.243753150       1.43088329       5.76999998    
         578  0.257943630       1.40654123       5.77999973    
         579  0.271883965       1.38086545       5.78999996    
         580  0.285560936       1.35388529       5.79999971    
         581  0.298961669       1.32563114       5.80999994    
         582  0.312073559       1.29613459       5.81999969    
         583  0.324884355       1.26542842       5.82999992    
         584  0.337382138       1.23354614       5.83999968    
         585  0.349555284       1.20052230       5.84999990    
         586  0.361392587       1.16639233       5.85999966    
         587  0.372883141       1.13119233       5.86999989    
         588  0.384016424       1.09495926       5.87999964    
         589  0.394782305       1.05773056       5.88999987    
         590  0.405171037       1.01954424       5.90000010    
         591  0.415173203      0.980439007       5.90999985    
         592  0.424779832      0.940453947       5.92000008    
         593  0.433982283      0.899628520       5.92999983    
         594  0.442772388      0.858002543       5.94000006    
         595  0.451142341      0.815616190       5.94999981    
         596  0.459084719      0.772509992       5.96000004    
         597  0.466592550      0.728724599       5.96999979    
         598  0.473659217      0.684300900       5.98000002    
         599  0.480278552      0.639279962       5.98999977    
         600  0.486444801      0.593702972       6.00000000    
         601  0.492152601      0.547611237       6.00999975    
         602  0.497397006      0.501046121       6.01999998    
         603  0.502173483      0.454049140       6.02999973    
         604  0.506477952      0.406661838       6.03999996    
         605  0.510306716      0.358925760       6.04999971    
         606  0.513656497      0.310882479       6.05999994    
         607  0.516524374      0.262573630       6.06999969    
         608  0.518907964      0.214040861       6.07999992    
         609  0.520805180      0.165325791       6.08999968    
         610  0.522214472      0.116470069       6.09999990    
         611  0.523134589       6.75153434E-02   6.10999966    
         612  0.523564756       1.85032543E-02   6.11999989    
         613  0.523504615      -3.05245519E-02   6.12999964    
         614  0.522954226      -7.95264244E-02   6.13999987    
         615  0.521914065     -0.128460735       6.15000010    
         616  0.520385027     -0.177285820       6.15999985    
         617  0.518368363     -0.225960031       6.17000008    
         618  0.515865803     -0.274441749       6.17999983    
         619  0.512879491     -0.322689325       6.19000006    
         620  0.509411991     -0.370661110       6.19999981    
         621  0.505466282     -0.418315500       6.21000004    
         622  0.501045704     -0.465610921       6.21999979    
         623  0.496154070     -0.512505829       6.23000002    
         624  0.490795583     -0.558958709       6.23999977    
         625  0.484974891     -0.604928076       6.25000000    
         626  0.478697032     -0.650372565       6.25999975    
         627  0.471967459     -0.695250869       6.26999998    
         628  0.464792013     -0.739521801       6.27999973    
         629  0.457177013     -0.783144414       6.28999996    
         630  0.449129134     -0.826077819       6.29999971    
         631  0.440655470     -0.868281364       6.30999994    
         632  0.431763500     -0.909714699       6.31999969    
         633  0.422461152     -0.950337708       6.32999992    
         634  0.412756741     -0.990110636       6.33999968    
         635  0.402658939      -1.02899420       6.34999990    
         636  0.392176867      -1.06694925       6.35999966    
         637  0.381319970      -1.10393727       6.36999989    
         638  0.370098114      -1.13992047       6.37999964    
         639  0.358521551      -1.17486143       6.38999987    
         640  0.346600890      -1.20872343       6.39999962    
         641  0.334347099      -1.24147058       6.40999985    
         642  0.321771502      -1.27306759       6.42000008    
         643  0.308885753      -1.30348015       6.42999983    
         644  0.295701891      -1.33267498       6.44000006    
         645  0.282232255      -1.36061966       6.44999981    
         646  0.268489510      -1.38728273       6.46000004    
         647  0.254486620      -1.41263402       6.46999979    
         648  0.240236834      -1.43664467       6.48000002    
         649  0.225753725      -1.45928693       6.48999977    
         650  0.211051106      -1.48053443       6.50000000    
         651  0.196143046      -1.50036228       6.50999975    
         652  0.181043863      -1.51874697       6.51999998    
         653  0.165768102      -1.53566670       6.52999973    
         654  0.150330529      -1.55110109       6.53999996    
         655  0.134746090      -1.56503153       6.54999971    
         656  0.119029902      -1.57744122       6.55999994    
         657  0.103197262      -1.58831501       6.56999969    
         658   8.72635990E-02  -1.59763956       6.57999992    
         659   7.12444708E-02  -1.60540342       6.58999968    
         660   5.51555306E-02  -1.61159694       6.59999990    
         661   3.90125290E-02  -1.61621249       6.60999966    
         662   2.28312798E-02  -1.61924434       6.61999989    
         663   6.62764348E-03  -1.62068868       6.62999964    
         664  -9.58249345E-03  -1.62054384       6.63999987    
         665  -2.57832333E-02  -1.61880994       6.64999962    
         666  -4.19586897E-02  -1.61548913       6.65999985    
         667  -5.80930114E-02  -1.61058557       6.67000008    
         668  -7.41703957E-02  -1.60410523       6.67999983    
         669  -9.01751146E-02  -1.59605610       6.69000006    
         670 -0.106091522      -1.58644819       6.69999981    
         671 -0.121904083      -1.57529330       6.71000004    
         672 -0.137597382      -1.56260514       6.71999979    
         673 -0.153156176      -1.54839921       6.73000002    
         674 -0.168565363      -1.53269255       6.73999977    
         675 -0.183810025      -1.51550412       6.75000000    
         676 -0.198875442      -1.49685466       6.75999975    
         677 -0.213747114      -1.47676623       6.76999998    
         678 -0.228410766      -1.45526254       6.77999973    
         679 -0.242852360      -1.43236887       6.78999996    
         680 -0.257058144      -1.40811169       6.79999971    
         681 -0.271014601      -1.38251901       6.80999994    
         682 -0.284708530      -1.35562003       6.81999969    
         683 -0.298126996      -1.32744515       6.82999992    
         684 -0.311257422      -1.29802597       6.83999968    
         685 -0.324087501      -1.26739490       6.84999990    
         686 -0.336605310      -1.23558557       6.85999966    
         687 -0.348799229      -1.20263255       6.86999989    
         688 -0.360657960      -1.16857111       6.87999964    
         689 -0.372170627      -1.13343740       6.88999987    
         690 -0.383326709      -1.09726822       6.89999962    
         691 -0.394116014      -1.06010103       6.90999985    
         692 -0.404528737      -1.02197385       6.92000008    
         693 -0.414555490     -0.982925296       6.92999983    
         694 -0.424187243     -0.942994416       6.94000006    
         695 -0.433415383     -0.902220666       6.94999981    
         696 -0.442231655     -0.860643864       6.96000004    
         697 -0.450628251     -0.818304181       6.96999979    
         698 -0.458597749     -0.775242090       6.98000002    
         699 -0.466133118     -0.731498241       6.98999977    
         700 -0.473227739     -0.687113523       7.00000000    
         701 -0.479875386     -0.642128944       7.00999975    
         702 -0.486070305     -0.596585691       7.01999998    
         703 -0.491807103     -0.550525129       7.02999973    
         704 -0.497080803     -0.503988624       7.03999996    
         705 -0.501886845     -0.457017601       7.04999971    
         706 -0.506221116     -0.409653604       7.05999994    
         707 -0.510079920     -0.361938238       7.06999969    
         708 -0.513459921     -0.313913077       7.07999992    
         709 -0.516358197     -0.265619725       7.08999968    
         710 -0.518772304     -0.217099816       7.09999990    
         711 -0.520700216     -0.168394983       7.10999966    
         712 -0.522140205     -0.119546883       7.11999989    
         713 -0.523091137      -7.05971569E-02   7.12999964    
         714 -0.523552179      -2.15874463E-02   7.13999987    
         715 -0.523522913       2.74406020E-02   7.14999962    
         716 -0.523003399       7.64453411E-02   7.15999985    
         717 -0.521994054      0.125385135       7.17000008    
         718 -0.520495713      0.174218327       7.17999983    
         719 -0.518509686      0.222903267       7.19000006    
         720 -0.516037643      0.271398306       7.19999981    
         721 -0.513081729      0.319661826       7.21000004    
         722 -0.509644449      0.367652208       7.21999979    
         723 -0.505728722      0.415327817       7.23000002    
         724 -0.501337886      0.462647080       7.23999977    
         725 -0.496475756      0.509568453       7.25000000    
         726 -0.491146505      0.556050360       7.25999975    
         727 -0.485354751      0.602051318       7.26999998    
         728 -0.479105473      0.647530019       7.27999973    
         729 -0.472404122      0.692445159       7.28999996    
         730 -0.465256542      0.736755550       7.29999971    
         731 -0.457668990      0.780420184       7.30999994    
         732 -0.449648142      0.823398173       7.31999969    
         733 -0.441201031      0.865648866       7.32999992    
         734 -0.432335168      0.907131851       7.33999968    
         735 -0.423058391      0.947807014       7.34999990    
         736 -0.413379014      0.987634599       7.35999966    
         737 -0.403305709       1.02657521       7.36999989    
         738 -0.392847508       1.06458974       7.37999964    
         739 -0.382013917       1.10163975       7.38999987    
         740 -0.370814741       1.13768721       7.39999962    
         741 -0.359260172       1.17269480       7.40999985    
         742 -0.347360820       1.20662582       7.41999960    
         743 -0.335127652       1.23944414       7.42999983    
         744 -0.322571933       1.27111459       7.44000006    
         745 -0.309705347       1.30160284       7.44999981    
         746 -0.296539873       1.33087528       7.46000004    
         747 -0.283087850       1.35889947       7.46999979    
         748 -0.269361883       1.38564408       7.48000002    
         749 -0.255374968       1.41107881       7.48999977    
         750 -0.241140321       1.43517470       7.50000000    
         751 -0.226671472       1.45790386       7.50999975    
         752 -0.211982235       1.47923982       7.51999998    
         753 -0.197086677       1.49915767       7.52999973    
         754 -0.181999087       1.51763380       7.53999996    
         755 -0.166733995       1.53464627       7.54999971    
         756 -0.151306152       1.55017471       7.55999994    
         757 -0.135730505       1.56420040       7.56999969    
         758 -0.120022148       1.57670629       7.57999992    
         759 -0.104196377       1.58767712       7.58999968    
         760  -8.82686079E-02   1.59709954       7.59999990    
         761  -7.22543895E-02   1.60496187       7.60999966    
         762  -5.61693758E-02   1.61125433       7.61999989    
         763  -4.00293060E-02   1.61596918       7.62999964    
         764  -2.38499921E-02   1.61910069       7.63999987    
         765  -7.64729269E-03   1.62064493       7.64999962    
         766   8.56290571E-03   1.62059999       7.65999985    
         767   2.47647073E-02   1.61896598       7.66999960    
         768   4.09422256E-02   1.61574483       7.67999983    
         769   5.70796058E-02   1.61094058       7.69000006    
         770   7.31610358E-02   1.60455918       7.69999981    
         771   8.91707838E-02   1.59660852       7.71000004    
         772  0.105093203       1.58709848       7.71999979    
         773  0.120912753       1.57604063       7.73000002    
         774  0.136614010       1.56344843       7.73999977    
         775  0.152181715       1.54933739       7.75000000    
         776  0.167600751       1.53372467       7.75999975    
         777  0.182856202       1.51662898       7.76999998    
         778  0.197933331       1.49807072       7.77999973    
         779  0.212817609       1.47807205       7.78999996    
         780  0.227494761       1.45665669       7.79999971    
         781  0.241950735       1.43384969       7.80999994    
         782  0.256171763       1.40967751       7.81999969    
         783  0.270144284       1.38416803       7.82999992    
         784  0.283855110       1.35735035       7.83999968    
         785  0.297291279       1.32925475       7.84999990    
         786  0.310440183       1.29991281       7.85999966    
         787  0.323289514       1.26935709       7.86999989    
         788  0.335827321       1.23762095       7.87999964    
         789  0.348041952       1.20473886       7.88999987    
         790  0.359922111       1.17074609       7.89999962    
         791  0.371456861       1.13567877       7.90999985    
         792  0.382635683       1.09957361       7.91999960    
         793  0.393448353       1.06246805       7.92999983    
         794  0.403885067       1.02440023       7.94000006    
         795  0.413936377      0.985408545       7.94999981    
         796  0.423593253      0.945531964       7.96000004    
         797  0.432847023      0.904810011       7.96999979    
         798  0.441689461      0.863282561       7.98000002    
         799  0.450112700      0.820989728       7.98999977    
         800  0.458109260      0.777971864       8.00000000    
         801  0.465672135      0.734269679       8.01000023    
         802  0.472794652      0.689924061       8.01999950    
         803  0.479470611      0.644976020       8.02999973    
         804  0.485694170      0.599466741       8.03999996    
         805  0.491459936      0.553437471       8.05000019    
         806  0.496762902      0.506929636       8.05999947    
         807  0.501598537      0.459984690       8.06999969    
         808  0.505962610      0.412644178       8.07999992    
         809  0.509851396      0.364949673       8.09000015    
         810  0.513261616      0.316942751       8.09999943    
         811  0.516190290      0.268665016       8.10999966    
         812  0.518634915      0.220158115       8.11999989    
         813  0.520593464      0.171463683       8.13000011    
         814  0.522064209      0.122623354       8.13999939    
         815  0.523045957       7.36787766E-02   8.14999962    
         816  0.523537815       2.46715974E-02   8.15999985    
         817  0.523539364      -2.43565384E-02   8.17000008    
         818  0.523050666      -7.33639821E-02   8.17999935    
         819  0.522072077     -0.122309089       8.18999958    
         820  0.520604491     -0.171150222       8.19999981    
         821  0.518649101     -0.219845742       8.21000004    
         822  0.516207576     -0.268353999       8.22000027    
         823  0.513282001     -0.316633344       8.22999954    
         824  0.509874880     -0.364642143       8.23999977    
         825  0.505989134     -0.412338793       8.25000000    
         826  0.501628101     -0.459681690       8.26000023    
         827  0.496795505     -0.506629288       8.26999950    
         828  0.491495520     -0.553140044       8.27999973    
         829  0.485732704     -0.599172473       8.28999996    
         830  0.479512066     -0.644685268       8.30000019    
         831  0.472838998     -0.689637125       8.30999947    
         832  0.465719312     -0.733986795       8.31999969    
         833  0.458159268     -0.777693272       8.32999992    
         834  0.450165451     -0.820715666       8.34000015    
         835  0.441744953     -0.863013327       8.34999943    
         836  0.432905197     -0.904545844       8.35999966    
         837  0.423654050     -0.945273042       8.36999989    
         838  0.413999736     -0.985155165       8.38000011    
         839  0.403950930      -1.02415264       8.38999939    
         840  0.393516690      -1.06222653       8.39999962    
         841  0.382706404      -1.09933829       8.40999985    
         842  0.371529907      -1.13544989       8.42000008    
         843  0.359997392      -1.17052400       8.42999935    
         844  0.348119408      -1.20452380       8.43999958    
         845  0.335906893      -1.23741317       8.44999981    
         846  0.323371142      -1.26915681       8.46000004    
         847  0.310523778      -1.29972029       8.47000027    
         848  0.297376752      -1.32907009       8.47999954    
         849  0.283942372      -1.35717368       8.48999977    
         850  0.270233274      -1.38399971       8.50000000    
         851  0.256262392      -1.40951777       8.51000023    
         852  0.242042929      -1.43369865       8.51999950    
         853  0.227588415      -1.45651460       8.52999973    
         854  0.212912634      -1.47793901       8.53999996    
         855  0.198029637      -1.49794674       8.55000019    
         856  0.182953700      -1.51651430       8.55999947    
         857  0.167699352      -1.53361952       8.56999969    
         858  0.152281314      -1.54924190       8.57999992    
         859  0.136714518      -1.56336260       8.59000015    
         860  0.121014066      -1.57596445       8.59999943    
         861  0.105195232      -1.58703220       8.60999966    
         862   8.92734230E-02  -1.59655225       8.61999989    
         863   7.32641816E-02  -1.60451293       8.63000011    
         864   5.71831614E-02  -1.61090446       8.63999939    
         865   4.10460941E-02  -1.61571884       8.64999962    
         866   2.48687863E-02  -1.61895013       8.65999985    
         867   8.66709277E-03  -1.62059438       8.67000008    
         868  -7.54310004E-03  -1.62064946       8.67999935    
         869  -2.37458944E-02  -1.61911535       8.68999958    
         870  -3.99254039E-02  -1.61599398       8.69999981    
         871  -5.60657717E-02  -1.61128914       8.71000004    
         872  -7.21511841E-02  -1.60500669       8.72000027    
         873  -8.81659016E-02  -1.59715450       8.72999954    
         874 -0.104094274      -1.58774221       8.73999977    
         875 -0.119920745      -1.57678127       8.75000000    
         876 -0.135629892      -1.56428516       8.76000023    
         877 -0.151206449      -1.55026913       8.76999950    
         878 -0.166635275      -1.53475022       8.77999973    
         879 -0.181901455      -1.51774716       8.78999996    
         880 -0.196990222      -1.49928033       8.80000019    
         881 -0.211887062      -1.47937167       8.80999947    
         882 -0.226577654      -1.45804465       8.81999969    
         883 -0.241047949      -1.43532431       8.82999992    
         884 -0.255284131      -1.41123712       8.84000015    
         885 -0.269272685      -1.38581085       8.84999943    
         886 -0.283000350      -1.35907459       8.85999966    
         887 -0.296454191      -1.33105850       8.86999989    
         888 -0.309621543      -1.30179393       8.88000011    
         889 -0.322490066      -1.27131343       8.88999939    
         890 -0.335047811      -1.23965049       8.89999962    
         891 -0.347283095      -1.20683944       8.90999985    
         892 -0.359184593      -1.17291546       8.92000008    
         893 -0.370741397      -1.13791466       8.92999935    
         894 -0.381942898      -1.10187376       8.93999958    
         895 -0.392778873      -1.06483006       8.94999981    
         896 -0.403239489      -1.02682161       8.96000004    
         897 -0.413315296     -0.987886906       8.97000027    
         898 -0.422997236     -0.948064923       8.97999954    
         899 -0.432276607     -0.907395065       8.98999977    
         900 -0.441145122     -0.865917087       9.00000000    
         901 -0.449594945     -0.823671162       9.01000023    
         902 -0.457618564     -0.780697703       9.01999950    
         903 -0.465208918     -0.737037361       9.02999973    
         904 -0.472359329     -0.692731023       9.03999996    
         905 -0.479063541     -0.647819698       9.05000019    
         906 -0.485315710     -0.602344513       9.05999947    
         907 -0.491110414     -0.556346774       9.06999969    
         908 -0.496442646     -0.509867847       9.07999992    
         909 -0.501307786     -0.462949246       9.09000015    
         910 -0.505701661     -0.415632457       9.09999943    
         911 -0.509620428     -0.367959023       9.10999966    
         912 -0.513060808     -0.319970548       9.11999989    
         913 -0.516019821     -0.271708667       9.13000011    
         914 -0.518494964     -0.223214999       9.13999939    
         915 -0.520484090     -0.174531177       9.14999962    
         916 -0.521985531     -0.125698835       9.15999985    
         917 -0.522998035      -7.67596364E-02   9.17000008    
         918 -0.523520708      -2.77552195E-02   9.17999935    
         919 -0.523553133       2.12727748E-02   9.18999958    
         920 -0.523095250       7.02826977E-02   9.19999981    
         921 -0.522147477      0.119232908       9.21000004    
         922 -0.520710588      0.168081746       9.22000027    
         923 -0.518785834      0.216787577       9.22999954    
         924 -0.516374826      0.265308768       9.23999977    
         925 -0.513479650      0.313603669       9.25000000    
         926 -0.510102749      0.361630648       9.26000023    
         927 -0.506247044      0.409348100       9.26999950    
         928 -0.501915812      0.456714422       9.27999973    
         929 -0.497112781      0.503688037       9.28999996    
         930 -0.491842061      0.550227463       9.30000019    
         931 -0.486108214      0.596291244       9.30999947    
         932 -0.479916215      0.641837955       9.31999969    
         933 -0.473271459      0.686826229       9.32999992    
         934 -0.466179699      0.731214881       9.34000015    
         935 -0.458647162      0.774962962       9.34999943    
         936 -0.450680435      0.818029583       9.35999966    
         937 -0.442286551      0.860373974       9.36999989    
         938 -0.433472931      0.901955724       9.38000011    
         939 -0.424247414      0.942734718       9.38999939    
         940 -0.414618224      0.982671082       9.39999962    
         941 -0.404593974       1.02172542       9.40999985    
         942 -0.394183695       1.05985868       9.42000008    
         943 -0.383396804       1.09703219       9.42999935    
         944 -0.372243077       1.13320792       9.43999958    
         945 -0.360732675       1.16834843       9.44999981    
         946 -0.348876119       1.20241690       9.46000004    
         947 -0.336684346       1.23537719       9.46999931    
         948 -0.324168593       1.26719391       9.47999954    
         949 -0.311340481       1.29783261       9.48999977    
         950 -0.298211962       1.32725978       9.50000000    
         951 -0.284795284       1.35544276       9.51000023    
         952 -0.271103084       1.38234997       9.51999950    
         953 -0.257148266       1.40795112       9.52999973    
         954 -0.242944047       1.43221700       9.53999996    
         955 -0.228503928       1.45511961       9.55000019    
         956 -0.213841662       1.47663236       9.55999947    
         957 -0.198971286       1.49672997       9.56999969    
         958 -0.183907062       1.51538873       9.57999992    
         959 -0.168663502       1.53258646       9.59000015    
         960 -0.153255329       1.54830265       9.59999943    
         961 -0.137697443       1.56251836       9.60999966    
         962 -0.122004956       1.57521629       9.61999989    
         963 -0.106193118       1.58638096       9.63000011    
         964  -9.02773365E-02   1.59599876       9.63999939    
         965  -7.42731392E-02   1.60405791       9.64999962    
         966  -5.81961758E-02   1.61054838       9.65999985    
         967  -4.20621708E-02   1.61546218       9.67000008    
         968  -2.58869305E-02   1.61879325       9.67999935    
         969  -9.68630612E-03   1.62053740       9.68999958    
         970   6.52381591E-03   1.62069249       9.69999981    
         971   2.27275416E-02   1.61925828       9.71000004    
         972   3.89089808E-02   1.61623657       9.71999931    
         973   5.50522730E-02   1.61163116       9.72999954    
         974   7.11416006E-02   1.60544777       9.73999977    
         975   8.71612281E-02   1.59769404       9.75000000    
         976  0.103095487       1.58837950       9.76000023    
         977  0.118928820       1.57751560       9.76999950    
         978  0.134645790       1.56511569       9.77999973    
         979  0.150231123       1.55119491       9.78999996    
         980  0.165669680       1.53577006       9.80000019    
         981  0.180946514       1.51885974       9.80999947    
         982  0.196046874       1.50048423       9.81999969    
         983  0.210956201       1.48066545       9.82999992    
         984  0.225660175       1.45942700       9.84000015    
         985  0.240144730       1.43679357       9.84999943    
         986  0.254396051       1.41279161       9.85999966    
         987  0.268400580       1.38744879       9.86999989    
         988  0.282145023       1.36079407       9.88000011    
         989  0.295616448       1.33285761       9.88999939    
         990  0.308802187       1.30367064       9.89999962    
         991  0.321689874       1.27326572       9.90999985    
         992  0.334267497       1.24167621       9.92000008    
         993  0.346523404       1.20893633       9.92999935    
         994  0.358446240       1.17508137       9.93999958    
         995  0.370025039       1.14014721       9.94999981    
         996  0.381249189       1.10417056       9.96000004    
         997  0.392108440       1.06718886       9.96999931    
         998  0.402592957       1.02923989       9.97999954    
         999  0.412693232      0.990362227       9.98999977    
        1000  0.422400206      0.950594842       10.0000000    
